0.318565
0.748105
1.159997
1.101611
0.236298
1.188116
1.071643
0.538212
1.506918
1.722189
-0.257384
-0.769292
0.486132
-0.281478
0.071285
-0.078670
-0.123769
0.193906
0.252011
0.695767
0.381431
0.705544
0.784086
0.599073
-1.157061
0.724667
0.517582
0.486637
0.136263
0.099768
0.107916
0.804225
0.782712
0.034307
-0.645711
-0.266036
-0.345537
0.143241
-0.832290
-0.090657
0.414972
0.160677
-0.209897
0.754701
0.132591
0.056446
0.302768
1.265001
0.281845
0.322476
0.227728
0.152986
0.398523
1.544207
0.076341
0.611589
-0.055835
-0.054541
0.187864
0.377936
0.087791
0.292406
-0.033160
0.063472
0.703370
0.656876
0.314189
0.264280
0.523652
0.426023
-0.216880
0.555911
0.169980
1.105411
-0.280761
-0.768395
0.925119
0.107020
0.766024
0.528279
0.288148
0.479465
0.361090
0.350826
0.492120
0.110090
0.936317
0.922135
0.812483
-0.183720
0.350601
0.448414
0.205748
-0.125060
-0.140899
0.392990
0.452770
0.311725
0.258800
0.758752
0.455701
0.493644
0.191858
0.116401
0.580450
-0.712793
1.554616
-0.230297
0.124457
0.567806
3.240340
0.265372
0.309052
0.290055
-0.094925
-0.189361
0.080459
0.473712
0.284493
1.266297
0.271711
0.304880
0.305733
-1.490471
0.308553
2.738182
0.199840
0.215704
1.490528
0.569066
-0.423086
-0.511704
0.024293
0.490078
0.174290
0.113906
0.624570
0.930764
0.430749
0.219319
0.223043
0.869349
-0.150554
0.158472
0.020209
-0.315329
0.340369
-0.177165
0.225966
0.459645
0.352644
0.745458
0.175995
