CamB: [19.675830856593944, 29.56754086499539, 33.570240509143815, 36.64960838527513, 39.2402947903297, 41.216254349210374, 42.85425390308996, 44.90487173649942, 46.87276389424815]
D512-2: [73.73614165072715, 83.0584222919287, 85.35169963508099, 85.40000011337253]
D564-8: [23.409324579157524, 32.215490774371936, 38.43229101376893, 43.26591542281619, 47.27076398819169, 50.551943818106245]
D631-7: [47.800192282119575, 63.88618955005868, 74.24406148333546, 81.62930350722507, 87.16223777757655, 91.34849100226805, 94.7269486802969, 97.42170222486078, 99.59151525807842, 101.34962583180071, 102.77932145206127, 103.94337622764763, 104.8900583750086, 105.65710761677464, 106.27445422468551, 106.76612809351906]
DDO064: [13.063466262679416, 22.26006394032938, 28.020106480015215, 32.73407578921489, 36.611418759267075, 39.91323845931216, 42.786936403669515, 45.20590367481273, 47.48658110839778, 49.54077375847885, 51.40369230519353, 53.02120487873121, 53.81954907713873, 58.0355699533307]
DDO154: [24.13847768855842, 32.78245015047111, 38.43117594032005, 42.608790311117104, 45.90725177887128, 48.481755892261724, 50.61598096195246, 52.338844433730685, 53.775570308627486, 55.00549856523422, 56.0225661882235, 56.88599196340619]
DDO161: [39.100551852325765, 42.80538693442097, 45.87302300312012, 48.893841519045374, 50.831359707994345, 59.42174934407147, 66.33793791516163, 71.89172084120203, 76.56863864849555, 80.57302372145614, 84.04363668256858, 87.0799303667898, 89.86286065620104, 92.27129679517736, 94.37075847872516, 96.24995176777902, 97.93785345662867, 99.45842345175838, 100.83169812846351, 102.07459694542867, 103.22434060756777, 104.24558862809947, 105.17412698446397, 106.01921040031344, 106.78892580119542, 107.49037431016498, 108.1298192975495, 108.72463559097505, 109.25505223721457, 109.75801790397438, 110.19653330475715]
DDO168: [29.218970822895272, 39.96979886894127, 47.57571691583386, 53.11023451509556, 57.764806477652265, 61.49655708754397, 64.69755801387775, 67.35003064514207, 69.62950316399579, 71.60413023673928]
DDO170: [58.403621034086726, 74.01860214264651, 84.47202367820364, 91.96954643452945, 97.66026666938228, 102.03682977687357, 105.48910146672729, 108.26228101845011]
ESO079-G014: [8.435114775099477, 12.986830936524198, 17.401177944564793, 21.252048576469495, 23.638318725157717, 26.823253071111754, 30.162743165091065, 31.798885521719676, 33.023958588096896, 35.97484964430452, 39.02207010325892, 41.58796346749148, 44.04065991519341, 46.24975101128629, 48.16448642999086]
ESO116-G012: [16.54355886080915, 29.784047414424492, 37.976746706314145, 43.557593346445735, 51.574082791548136, 55.71420652716788, 59.282051808154904, 62.27025949457531, 68.65995408546533, 72.75900738460246, 76.15950348679223, 79.20142920297307, 82.01253199766828, 84.61981616081621, 87.01553281188706]
ESO444-G084: [17.124459483819106, 28.467730773997285, 35.62728890901826, 40.86467953724596, 44.88597232370722, 51.11203622504465, 55.40265364425352]
ESO563-G021: [29.74044531320803, 50.61128392398695, 64.40423386243071, 75.16492977224569, 84.09902539163346, 91.76955252250183, 98.49608784267217, 104.54548935947723, 109.92372696567067, 114.80230721294876, 123.25796045596472, 130.72063660726926, 135.6380742525132, 141.1291533471292, 145.72459189246987, 150.00660999735993, 153.84274550416114, 157.08714519565189, 160.18786831099465, 162.96609551232268, 165.36691302935472, 167.66574113333877, 169.74051631132662, 171.5443679873311, 173.27106408648407, 174.85468476504644, 176.22829789142895, 177.54715705020755, 178.75309487060514, 179.80739220848093]
F565-V2: [33.50153672338515, 44.76348530693497, 52.16084789986078, 57.369776866118045, 61.322200284306184, 64.36180625162767, 66.78421681831813]
F568-3: [35.448306140442874, 47.4675840828956, 57.714669647549, 60.94102542335295, 70.01692211853948, 72.34983895749805, 78.49086751964111, 83.13875749607368, 86.2946921453199, 90.11076376272648, 91.76152216506922, 97.29658493260317, 110.24124905274815, 114.10301469295128, 119.67226257515547, 124.72401520397982, 128.6377561872482, 132.0780960801322]
F568-V1: [31.605513623418336, 53.175824178667966, 66.26820519820082, 76.18961513949958, 83.97857794938881, 90.17094311971289, 95.47197840804996, 99.90316315079914, 102.54594036491541, 107.03063242027261, 109.85721234490315, 112.39955148514348, 114.44827203316257, 119.20548543016909, 126.92083935534264]
F571-8: [88.59653834316555, 119.65374964601524, 124.43931051057359, 122.48714956263274, 117.47350115884123, 115.90032333242328, 111.5366276218957, 108.81684378521751, 106.2901567288241, 102.49611326486485, 96.40512084305375, 92.17181237580475, 83.89968096156649]
F571-V1: [57.83463415510863, 75.83205373427178, 86.91660062625735, 94.40590120092912, 99.70895867532218, 103.59963262639612, 106.4922539036668]
F574-1: [27.63693678914658, 46.92977168679897, 59.428941774818995, 69.00845076412126, 76.75174876443631, 83.43175119753121, 89.13089498492884, 94.12367336795928, 98.54649630416962, 102.45835506068123, 106.05320049666533, 109.20407252221166, 112.34045891095279, 114.61461091906715]
F583-1: [30.713218447673494, 39.100195116584125, 49.79410767045021, 52.823388008140874, 59.686912729279186, 65.03401686186002, 68.3734303864456, 72.8778165228789, 73.82856554489186, 75.83335792971779, 79.84582189400344, 81.75503028337779, 83.85141732016973, 84.82062145012719, 85.87860366596597, 87.15896429969047, 88.85952930085921, 89.83348792238587, 90.23815102331146, 90.81069040096293, 91.54455652050153, 92.5125862514412, 93.51314027412556, 92.76619556948485, 92.4973406026267]
F583-4: [30.276369157521177, 54.28094529909011, 68.81600361462831, 80.6125886301672, 102.81672542411543, 105.99539777684785, 110.11456071423292, 110.40184325909057, 114.42382888431183, 115.59432768972925, 118.20944032426833, 120.12160977346679]
IC2574: [34.140535411877934, 39.15194185140592, 43.28979436311112, 47.053167652233654, 50.29915320674894, 53.34021366387294, 55.92877767691219, 58.4890245523907, 60.85350434914167, 62.97497631586729, 65.02513060419386, 66.87831921284227, 68.62033316368898, 70.31880481367222, 71.9197109231642, 73.38104682124008, 74.81457323792623, 76.08183928015478, 77.37613275539917, 78.60628946149787, 79.73753701324883, 80.85473017879073, 81.84832706580833, 82.86873659865141, 83.84370528696047, 84.74457753000155, 85.6381984142333, 86.43617392350781, 87.25876773495561, 88.04759015440308, 88.77889841966535, 89.5065872478736, 90.20558081971542, 90.83186502307494]
IC4202: [57.89533712081495, 82.22458490904296, 99.09419076441492, 112.90739348802029, 125.42347743750912, 135.81467515931976, 144.9623110350587, 153.22379576488746, 161.12545782078158, 168.0902358302294, 174.6718160062703, 180.68608896979705, 186.2770866109071, 191.4287921691535, 196.19292056836588, 200.15971486440895, 204.93655081355112, 208.90967809353285, 211.27489902831965, 213.13727994148235, 216.66686949716018, 220.0133230580194, 222.4213932966856, 225.5173852286959, 228.42373145339766, 231.8884619899278, 235.7674396454154, 239.95275260235815, 242.47878237164633, 244.09354041303715, 247.9050511089726, 250.04799507639822]
KK98-251: [22.087836701083834, 27.90247858967339, 32.46122215430497, 36.4729317804983, 39.7067738840587, 42.71489500510101, 45.37826401001513, 47.63012901474169, 49.797894644420225, 51.54674064664497, 53.36870850478098, 55.042325069012215, 58.493824547541905, 60.922319542808175, 63.107116226428765]
NGC0024: [30.760100066987484, 37.73753168332638, 43.47860753205188, 48.42875205112441, 52.43482084586849, 56.07725379566921, 59.74555651210876, 63.12156179467133, 66.2522048670095, 68.91526361334888, 71.66906526157217, 74.03111548660408, 76.27274955854064, 78.61316046562449, 80.834702847785, 82.76037970957951, 84.78405642445067, 86.71658984714627, 88.56512650392553, 90.17801841974988, 91.8830046877308, 93.37415014179183, 94.81274026979756, 96.3381208661946, 97.80727701109544, 130.81035816518167, 136.237722193437, 140.33935819205553, 143.35815205229846]
NGC0055: [50.69115482656367, 60.78477002696866, 68.92079766811602, 75.56166462014443, 81.22850883811563, 86.22592657543841, 90.54717749371943, 94.38614953271258, 97.87599426574957, 100.96600838382162, 103.8071594884228, 106.34677680082648, 108.66435302042058, 110.8192052505993, 112.76396302506409, 114.5534325454751, 116.22943458855379, 117.75176174049406, 119.18262340534473, 120.48637800590097, 121.69612025272276]
NGC0100: [23.618242913812573, 40.14595983449859, 50.88678285840332, 58.819569130901755, 65.63126551304237, 71.39333561626759, 76.37549696973291, 80.65968847263031, 84.55211189110477, 88.03695967149069, 91.11350202154269, 93.90831273613858, 96.51282958007819, 98.89423062973998, 103.42297242338401, 104.86699318070757, 106.58808862950715, 108.18272522169379, 109.66287679897368, 111.01011368309008, 111.77428509950242]
NGC0247: [84.71526162104584, 98.35721682726277, 108.33567535209934, 115.95832983927046, 121.55233941687429, 126.23852039837283, 129.9158293341822, 132.8899304522725, 135.2706039113518, 137.2570361007231, 138.88365309700077, 140.19291437790648, 141.28426508184253, 142.17089291357252, 142.8971028390584, 143.4446357527395, 143.89854573866918, 144.23695978101176, 144.48034244495062, 144.6502495855376, 144.75191070781676, 144.79434664310102, 144.78585063954438, 144.72844877604328, 144.6359054835453, 144.51037167056649]
NGC0289: [66.87192217707381, 84.77973795901019, 97.392775895998, 106.91976899073741, 117.2405699798922, 124.75667440737259, 132.86928033874653, 148.9010757987479, 160.29989046838725, 169.16176929299058, 175.95762711989644, 181.10189612594584, 185.30828276921065, 188.54756963226123, 191.22249723558744, 193.2959091596931, 194.99695469954958, 196.2990355027146, 197.3524691426893, 198.13621549713673, 198.7430109795095, 199.17601018705648, 199.4551557398585, 199.6210943549152, 199.68039669954936, 199.65225949291283, 199.55030731821523, 199.37924012828046]
NGC0300: [35.892391760061386, 43.34026155567969, 49.518904432412725, 54.64689992622437, 59.12040125959947, 63.09038726538076, 66.73233024098305, 69.9597623010134, 72.97071650472327, 75.67479082294564, 78.22495227050348, 80.53591645033438, 82.73197578051109, 84.73508161755794, 86.60911293421572, 88.3663829638635, 90.05306466341312, 91.6052082396893, 93.06867823571604, 94.48040880063226, 95.72894231496805, 97.07428157387899, 98.31817902127219, 99.27872964902365, 100.4034483735606]
NGC0801: [84.08547451600093, 96.84705172942672, 108.27392486492046, 127.15004805478806, 143.64979125230406, 238.46855595391068, 295.3966056683638, 335.60410795988975, 366.8103205349868, 391.554435582228, 411.5848773161756, 428.09386631298935, 441.6866428381986]
NGC0891: [45.193799495524026, 71.28461586062802, 83.87094847999816, 94.72948876242344, 104.30183907202401, 112.91891491827472, 120.7883725235282, 128.0509041355542, 134.66667952096395, 141.00047244427643, 146.83534298693365, 152.53198391018438, 157.93063934719723, 163.0628236093439, 167.95477538611553, 172.57999003189764, 177.05667599677707, 180.9017817995557]
NGC1003: [49.93024283603308, 63.036622556997706, 72.91010104152448, 81.02354666144561, 87.83041878192486, 93.66713180702308, 98.74862069827914, 103.17193977315681, 107.15111890317637, 110.70962419214213, 113.94669110869441, 116.73586467680077, 119.4865142425206, 121.70511518340476, 123.99671121393995, 126.08569669926766, 127.7837807843202, 129.5496393696443, 130.99028555944008, 132.49320209239943, 133.73817271220355, 135.0228561032249, 136.2075635807998, 137.17981165710373, 138.19928196958415, 139.0370570862048, 139.9165002864668, 140.73020959567674, 141.39969917377914, 142.1030966293449, 142.6819726172255, 143.29019276420345, 143.79693557036012, 144.3221020814029, 144.80789215291233, 145.2071752033682]
NGC1090: [27.09563454882264, 46.75710326282189, 56.63405300958377, 83.02965062082346, 95.14733728971835, 105.7921075805919, 114.77724836237248, 119.47509023514547, 125.09672256819402, 128.7486101460953, 136.8672294346286, 141.06250603162263, 144.58259290954953, 147.51007341077494, 150.16294589133562, 152.82391947307838, 155.0557011901712, 157.1084862283606, 159.14828175655984, 160.88235693699627, 162.4848917033478, 164.08413886892052, 165.44881092664764, 166.71391561981227]
NGC2403: [15.591878912551907, 19.84622209603357, 23.318277047240215, 26.3196115485413, 28.99687769118097, 31.43309616276085, 33.68071175179308, 35.77538008168459, 37.74265989850987, 39.60162076112361, 41.36694437364458, 43.214415267511406, 44.660806086943836, 46.35759398665785, 47.83895174725427, 49.26754531658218, 50.64789846351128, 51.98391085753279, 53.27897303065005, 54.659778362788046, 55.87809763486406, 57.063601266034276, 58.104198452585955, 59.23283397333593, 60.33405254237467, 61.515535746944124, 62.56396004062013, 63.58924751352411, 64.59254114681941, 65.57489068960001, 66.63243656385868, 67.57386303510157, 68.49711182940742, 69.40294502128427, 70.29207175016998, 71.16515329555197, 72.0228075402543, 72.94909793759888, 73.69411186161373, 77.48697784131959, 81.15016826033394, 84.5606827348061, 87.68923182582444, 90.68919590600413, 93.51599080185079, 96.13534869303763, 98.66888289304931, 101.07438459326698, 103.3181375072293, 105.50110100140866, 107.58470304523135, 109.5373353647174, 111.44513019136205, 113.27318312251694, 114.99236203412443, 116.67748549340192, 118.29702066190302, 119.85485738518605, 121.32509725979195, 122.7709439135356, 124.16480482279142, 125.48299872884586, 126.78182261317986, 128.0362376181545, 129.22457673106692, 130.3973333783262, 131.53172533484693, 132.60790334555674, 133.67141013676408, 134.70146252158926, 135.67984848080897, 136.64783630587067, 137.58641976525757]
NGC2683: [76.01639379231653, 93.16729474948879, 101.23068780058765, 105.38268234985847, 107.54518204620351, 108.56552145184764, 108.90203233905983, 108.80679153937828, 107.87877207688538, 107.20366488191516, 106.4538987569466]
NGC2841: [106.70744064186518, 111.25644445483827, 115.93632369380678, 120.11710249369814, 123.97686714496272, 127.66064718482636, 131.3931526214333, 134.96188061252587, 138.18919549772914, 141.47779246492937, 144.638474072436, 147.42421471715258, 150.19982885702126, 152.96282489092235, 155.7880434779191, 158.51646671591584, 160.937503924968, 163.35631894773485, 165.83830091230786, 168.04568897467928, 170.25559829888093, 172.34100658675987, 174.37051000393677, 176.40567163948322, 182.3044750187543, 192.6316252723357, 201.640398543387, 209.64481601533447, 216.7358960986948, 222.59947041787527, 228.23099423067862, 233.30113434699504, 237.86031088858266, 241.67308184568876, 245.42259869217054, 248.8223886841261, 251.89740526804988, 254.51719216622115, 257.09859466866396, 259.4546179656547, 261.5973806570421, 263.43108700683496, 265.24455043134026, 266.8970834515029, 268.4179445730891, 269.714856049129, 270.9925930771805, 272.1683105490396, 273.2442801778191, 274.2238350358266]
NGC2903: [28.617792531692636, 40.25744684468548, 49.04600450039555, 56.33797131406053, 62.661472347786365, 68.28912463500991, 73.38393192182357, 78.05279678449803, 82.37046288401704, 86.39170936295913, 90.1581622408206, 93.70237275459198, 103.23929734235293, 111.4806625918675, 118.72885291769441, 125.18444277042599, 130.98908592033519, 136.2475085427686, 141.03987976835808, 145.42927162620347, 149.46640962588995, 153.1928336507635, 156.64307843737734, 159.84622391318644, 162.82702618585137, 165.60676104360778, 168.20386523356748, 170.63443226707238, 172.91260148688775, 175.05086743165913, 177.0603287458999, 178.95089058571932, 180.73143079419052, 182.4099375235018]
NGC2915: [27.34053947524703, 37.589736878190415, 45.00349037716751, 51.049724072393104, 56.04371856867292, 60.168282944772635, 63.74918221619721, 66.89739731994135, 69.77160962817918, 72.33392958930452, 74.56870362311166, 76.6485834990551, 78.47990310817494, 80.14972383902834, 81.72122968119562, 83.1182714068273, 84.43988029694347, 85.65441091318836, 86.74107736401481, 87.74565867234912, 88.67566880536693, 89.5628449578584, 90.38426021482118, 91.12398361383191, 91.83175637594161, 92.47016246041115, 93.0644736927501, 93.6341867016772, 94.14886849514467, 94.64261319214965]
NGC2955: [61.06067871398857, 87.35000112457803, 105.91888959390596, 121.6098646546139, 135.75985641082949, 147.88207254697565, 158.74846090056982, 168.8694428438593, 178.60689369924933, 187.2282049645152, 195.43251358926435, 199.96480336413975, 203.46560548551776, 218.5134783340881, 224.9175147289282, 231.84701629007824, 245.40929897459563, 263.9014588598691, 279.6209477427598, 294.14417281768675, 306.79094195084946, 318.701147654948, 329.16316454574167, 347.9065375090695]
NGC2976: [24.39457808349312, 30.15163849611523, 35.58673104953212, 40.17776027230116, 44.192132831302644, 47.77856631186137, 51.03018686031124, 54.01005312814437, 56.7633107133563, 59.32366041250368, 61.71709189928693, 63.96417748805836, 66.08155269095069, 68.08291110343579, 69.97969565462415, 71.5296607100493, 73.2568698657811, 75.13276500600101, 76.47647922483621, 77.98083775638794, 79.4217012449857, 80.80346158041236, 82.13004582286138, 84.11156946784935, 87.26791478550022, 89.84097436776344, 92.2074286314712]
NGC2998: [42.11957041496232, 72.79952662598092, 102.63004166033625, 118.25906966169438, 138.23772236868075, 197.43077136905038, 249.57642411255972, 290.7472652430602, 324.77048351252205, 353.84700090436286, 378.7501915629778, 401.2882593749909, 421.4687110671355]
NGC3109: [30.225331397259538, 41.36417467505816, 48.83511162333593, 54.80166713097134, 59.57628500844046, 63.50711779666147, 66.80555779473129, 69.511572070999, 71.93753146313786, 74.03946576418286, 75.87264753987026, 77.47997205036252, 78.84417343648443, 80.10098131376317, 81.21483649839706, 82.20434441362391, 83.05301176405351, 83.84143943822134, 84.54485184983115, 85.17280684522346, 85.73352829226465, 86.21591320051252, 86.66456185596303, 87.06450125305113, 87.42050562610645]
NGC3198: [61.98941909450415, 81.58464467188517, 93.58267182744629, 101.74322461051922, 107.73795904232874, 112.00349422416697, 115.11965536985569, 117.63762333848273, 119.49037823722226, 120.90113366161057, 121.99658720885513, 122.7632827945438, 123.341794292343, 123.75558884112445, 124.01297561195103, 124.15738022520168, 124.20080975565925, 124.16806638786876, 124.0696961765529, 123.91105723308868, 123.71783906553169, 123.48082057897835, 122.57721698441257, 121.47349331554318, 120.26836298321957, 119.01275599677717, 117.72585196766016, 115.19590983720285, 112.73020184841107, 110.34329410179514, 108.24314762074563, 106.11157075355229, 104.26072198176526, 102.37185052247017, 100.60356607894296, 99.04736069675401, 97.46805778020415, 96.07343552780922, 94.65323722842506, 93.29903383096533, 92.10913113015788, 90.87911439733212, 89.79503664814773]
NGC3521: [36.43605393192349, 42.24314526574764, 47.016549025680796, 51.297420358034934, 55.201190740663506, 59.00742251582207, 62.348365634081226, 65.30271647646305, 68.43691934650333, 71.23628631959862, 73.8981288875099, 76.58308514316279, 79.00565671026752, 81.32869146441074, 83.56088486969956, 85.70971130525255, 87.78165416208601, 89.78238279945629, 91.82872016866766, 93.69792628169779, 95.5095046920303, 97.26697217504334, 98.97349775366051, 100.63194977303988, 102.33845248136575, 103.90588400326622, 105.43252597911355, 106.92036780635138, 108.37124230060267, 109.78684273140038, 111.24900745078308, 112.59679906962693, 113.91377353577786, 115.27602525841488, 116.46022473170697, 118.54559415776106, 132.11850050833536, 143.19421763497922, 152.17370071344064, 159.35683220571357, 165.62159504722072]
NGC3726: [93.23332434571161, 109.72944473256291, 122.05348717489356, 131.70631535690464, 139.5259350488968, 145.8433484263044, 151.2007968762687, 156.49712129545912, 167.47165455221784, 173.03531532224434, 174.99855888221117, 176.51682324210142]
NGC3741: [6.519365857066249, 9.275002441680941, 11.267745205911218, 12.928991337824506, 14.43373626608366, 15.718446688335524, 16.93384319061184, 18.002721114570623, 18.99425408112724, 19.92035909151149, 20.82677427973464, 21.645312140333974, 23.157149895697273, 24.55758654562509, 25.86380973832662, 27.01650229395578, 28.10830443304409, 29.124429254536004, 30.054372480404076, 30.94585630603802, 31.76684161435507]
NGC3769: [75.70447234468178, 102.09028452980286, 119.21993447604291, 131.68789523899082, 141.21266476384204, 148.7429863859422, 155.05319367743417, 161.02687127951364, 166.31997533633972, 179.90058041691876, 180.7810684240053, 181.33803037485555]
NGC3877: [71.41077815741941, 95.80219292228932, 111.69869626076071, 123.38826605881216, 132.01811770936314, 138.75359682597514, 144.11411281718054, 148.43914501488803, 151.96297817713278, 154.85384461073025, 157.26109412751143, 159.22521946904143, 160.86603772835966]
NGC3893: [111.0078943868948, 148.75200962867277, 172.76569480652216, 189.91924882790045, 203.36691299712265, 214.8918993439135, 224.05414456835604, 230.9508168155141, 235.72236842290138, 239.12276496791097]
NGC3917: [34.44920457359289, 48.135490342397176, 58.2595517856291, 66.66588870147945, 73.64270575559007, 79.73533141825665, 85.14835290247045, 90.01727738424594, 94.43768429721679, 98.48017238508, 102.23979408426126, 105.67395598670615, 108.8965752511625, 111.7637098407458, 114.72558181525537, 117.17036962476246, 119.74536359397362]
NGC3949: [83.94278790146471, 100.64165915652086, 114.103208250082, 124.95866211348665, 134.17927224382098, 142.1524445401303, 149.81022881890607]
NGC3953: [127.11579096034573, 146.71730591137154, 160.41274680271883, 170.47101836977805, 178.11905269016336, 183.92021263634555, 188.53378310155648, 192.14214330178945]
NGC3972: [138.21577975406964, 154.9607099803513, 158.78945707856278, 158.53601907355622, 156.74420489529894, 154.34833385285316, 151.7361320845244, 149.08614725882532, 146.48341306775148, 143.96800144636558]
NGC3992: [119.46682289263062, 145.30905174607366, 166.45835021067734, 184.82904866285787, 201.05669938889292, 215.7031968980372, 229.05450517600383, 241.7226610687851, 253.05229766766453]
NGC4010: [42.85871423185091, 59.63966210330618, 71.89750890382481, 81.95077645121808, 90.19453620335152, 97.31025848884357, 103.56060484289178, 109.12017163429857, 114.1124517803774, 118.62884356624907, 122.78448138807316, 126.54049588679261]
NGC4013: [147.10421321232818, 154.16796252129382, 161.24729595538705, 167.857030622449, 173.1412092573977, 178.67685354146212, 183.78346006645685, 188.02988858211603, 192.39745558824626, 196.57132131971255, 200.07028177818853, 203.40791660349885, 206.54984819389233, 209.9619535963146, 212.73327451206234, 215.3166866442421, 218.2099362622217, 220.5066080792347, 222.71704499337312, 225.13501513182305, 227.11199008407726, 228.99145829096446, 230.7544901973243, 232.741323669304, 234.32759003300995, 235.86175567604823, 237.32452949435114, 238.93323093015127, 240.25505606454533, 241.49937809029745, 242.90660515152896, 244.03377245067097, 245.12690050366137, 246.3317648734272, 247.3237797398334, 248.27246140455364]
NGC4051: [72.94078543959655, 101.5194649347685, 121.98194330991365, 138.3130091926117, 151.9428929410643, 163.68667457188874, 173.75947330596847]
NGC4068: [27.11155176900158, 44.834563705592416, 54.924108994787865, 61.9681103543198, 67.33191504617113, 71.37569914269542]
NGC4085: [31.210192864240323, 43.55844805913202, 53.58014781337334, 60.8041567116928, 66.948171434297, 72.30571785627787, 77.10790650246612]
NGC4088: [64.64876125836638, 87.98004191268033, 103.56740314536087, 115.22019594224811, 124.35302101590145, 131.75592634966426, 137.74025451366285, 142.81823653912954, 147.0683849740448, 150.67667627082668, 153.9546805128048, 157.20244489378277]
NGC4100: [178.55662807835657, 202.41966621702255, 221.65685010599825, 237.9919443221367, 252.11292881519202, 264.478377790879, 275.41305668774976, 285.15731634296776, 293.99024394536707, 301.8567428207765, 309.0561371346813, 315.3069640033402, 321.60571543087485, 326.6788780217249, 331.89442107155423, 336.1621737486991, 340.6126800220216, 344.1836021653017, 347.96663098790754, 351.01005671156474, 354.2416789951767, 357.2170751274444, 359.9590096673015, 362.1727235761147]
NGC4138: [189.37969622345568, 210.02266611936741, 213.71900658850487, 212.25634886482996, 208.83241160555934, 205.15260019448021, 201.35881701610293]
NGC4157: [94.77829404039825, 119.08112924240648, 131.4211037034646, 138.51346425910106, 142.74924704862562, 145.285726080942, 146.70703689682466, 147.43063557079623, 147.65660489522145, 147.53989624655293, 147.18087807177184, 146.64900139405654, 145.98933793956118, 145.2449437536769, 144.43817892855188, 143.58814507269187, 142.7091173508034]
NGC4183: [15.317941463087218, 21.631504453015125, 26.45482696030904, 30.589904895485038, 34.13185587882576, 37.32167624317517, 40.243305318154185, 42.95161650395298, 45.484833758626856, 47.87085893547067, 50.15611670217742, 52.30524579156783, 54.381050126228324, 56.54591840045808, 58.30001982115641, 60.24017844757347, 62.10858618632906, 64.13979733262693, 65.85718244562983, 67.53888128730011, 69.37694548844478, 71.13892065889836, 72.86310757512433]
NGC4217: [57.47683106673528, 79.72084756661867, 95.80762469312661, 108.87333589072792, 119.48639953216703, 128.56418700078052, 136.46739174270587, 143.43622263069915, 149.6407643826907, 155.2069436930679, 160.28611681649923, 164.8393334398403, 169.03359236924564, 172.6984430771595, 176.41547524315502, 179.4286065007491, 182.54616489941705, 185.44401042712389, 188.11307984685726]
NGC4559: [38.88152198017096, 53.65686250453616, 64.47199764224243, 73.15565075286356, 80.54542147571259, 86.80795333701606, 92.29847026125233, 97.10182989071495, 101.66846035177922, 105.54311678315928, 109.12079210930219, 112.53098049670409, 115.46971812813639, 118.21789714447314, 120.86678088014513, 123.17136370381675, 125.34407588243897, 127.36395989648871, 129.24526439584838, 131.00042143998706, 132.64034684333518, 134.17467943488236, 135.61197386997588, 136.95985763287734, 138.22516008521492, 139.41401944396824, 140.6814643161677, 141.5840280820364, 142.7073105859914, 143.63318893780178, 144.5061285869641, 145.32954177745873]
NGC5005: [45.83534102605057, 64.12456007365465, 77.7047266055997, 88.99659796081094, 98.42772043745828, 106.69228276798368, 114.06019224221599, 120.70994997328145, 126.7673005994844, 132.43377429041456, 140.79095655094144, 148.18993378013352, 154.72747711573598, 160.69205728098987, 166.09687632024642, 171.0193058155973, 175.5215144153908, 179.65435279408467]
NGC5033: [51.67395451240761, 87.42604889040362, 110.32933978731285, 127.7979458511459, 141.81091661621045, 150.8522027085296, 165.89224499917893, 178.10091812541654, 188.5225282955528, 196.8944234071584, 204.06207027366298, 210.27841209312945, 215.94969844021776, 220.6202235952528, 224.74211656161472, 228.55753730374227, 231.75027266435606, 234.56896710477915, 237.21050021894607, 239.4341326134951, 241.40573161793367, 243.25898446755184]
NGC5055: [52.19765697916486, 72.58592732223877, 88.01490338806819, 100.15609859937844, 110.5886975276556, 119.53528239556593, 127.66912187466245, 134.84675876451405, 141.24906499220788, 147.16506942764434, 152.65642802544286, 157.57305373870383, 174.10588671755104, 186.49900342392326, 196.53830932145902, 204.55063220956185, 211.08134574211505, 216.43860299082615, 220.86607179540744, 224.53276055581435, 227.60099369281852, 230.1632449887193, 232.3033559346367, 234.08269338443876, 235.5019710982103, 236.74168693914828, 237.75955850147685, 238.5862778571006]
NGC5371: [40.434809184268374, 56.6233754137033, 68.98543190435464, 79.19825105353152, 87.96323027715049, 95.74046552979043, 109.21568800842456, 120.79583936783438, 130.44622497359475, 139.37829471226075, 147.38546955319464, 154.63270896023045, 160.98113054775712, 167.06479167725288, 172.67254284353464, 177.6575086954273, 182.4936473407668, 186.9993583868688, 191.2085265073554]
NGC5585: [10.799181489571888, 18.256555307484035, 23.353185154129964, 27.44000236413896, 30.921969266570855, 33.9871978405947, 36.74165532594995, 39.25219233157989, 41.69485625143878, 43.83223168518377, 48.55016181980616, 55.021663704630356, 60.30667314283313, 64.87238932003966, 68.77226263380858, 72.24700666549194, 75.2832937545421, 78.03632782056451, 80.47574521163645, 82.6820186347907, 84.71405785594055, 86.51277775974945, 88.32385538877512, 89.77983377341091]
NGC5907: [147.62050160590283, 177.02044662767696, 200.22423061681246, 219.3198999156975, 235.59288243561298, 249.60011992045983, 261.9123283505346, 272.7955732146525, 282.45434178513045, 291.14918881585675, 298.9840299605494, 306.0479693042228, 312.49152547676596, 318.36339104765625, 323.7087215778492, 328.6253928575578, 333.1213589689515, 337.2731075907858, 341.0973314695242]
NGC5985: [113.85806047265758, 124.06541896303362, 134.02435435160507, 143.52709710048407, 151.87582287860897, 159.89355335929147, 167.9131197415938, 175.18338526660486, 181.54502739953088, 188.1145070037068, 194.69363416984123, 200.43632719146152, 205.94659046502846, 211.87431518115415, 216.75004356058005, 222.23990869333687, 226.76928342465288, 231.15534400591847, 236.1127945591777, 240.21719081512643, 244.86591963035616, 248.77563103589918, 253.09732138639674, 256.7830492186958, 260.3229608582902, 264.3479646446892, 267.6988538191356, 271.51359905496486, 274.6930998070523, 279.8155553207981, 291.89201098777266, 302.47327738849583, 312.63089725736506]
NGC6015: [29.802952547182556, 41.510423876666614, 50.321762351232785, 57.38714061930949, 63.675822137989826, 69.231543454441, 74.22485904080341, 78.6361154061744, 82.81810197009293, 86.5719554302259, 90.17577418563961, 93.54278057760945, 96.70107557721967, 99.67361856981078, 102.56207473568702, 105.44698273116425, 107.94947498159912, 110.32809380647426, 112.45870819217583, 124.06616565134986, 133.52186414843555, 136.75492324206704, 139.68236310288543, 142.2167676095, 144.82799039420235, 147.20482229661474, 149.4243260143133, 151.1758028692792, 153.09723136293337, 154.8585884574226, 156.51370239121334, 157.82664377285354, 159.2737060955654, 160.6213138731016, 161.8632870750917, 162.87710138697156, 163.96973554335162, 165.00252731386348, 165.9566392602021, 166.73696458923172, 167.5793111035438, 168.3766571968202, 169.0128968410231, 169.71763758050153]
NGC6195: [93.9937726218727, 124.15341467400235, 147.50154246135565, 167.69393239520792, 185.42044289256742, 201.0383237714896, 215.44074169824916, 228.47122274435506, 241.0867047708325, 253.10683991013877, 263.76217871235934, 273.84697318992977, 283.4250609232598, 292.54898276105604, 302.9077676663134, 310.3515360416287, 322.9666932299997, 331.94069018954264, 355.84192804915375, 377.76950005189656, 396.90898286617823, 414.7053886693837, 430.5211415608453]
NGC6503: [30.31394128785363, 42.375872315631725, 51.310285346601106, 58.58552290009194, 64.70329505062547, 70.12512882266601, 74.94555819645308, 79.28500134172464, 83.22819761913718, 86.83762815184403, 90.16103428209716, 93.2359342029948, 96.05620879205348, 98.78924445561532, 101.21350894159342, 103.4899118551187, 105.63214459984628, 107.91619495046669, 109.80964620293992, 111.60126161293309, 113.27656198207747, 114.88836871014773, 116.62038615794037, 118.06646009102353, 119.44307690150171, 120.75476723138178, 122.00564890743652, 123.35661971496103, 124.48982877324377, 125.55865587402151, 126.59521639717322]
NGC6674: [69.21204455852121, 113.21503946969916, 138.91632956627487, 156.1587832280075, 169.19300381559, 179.14677030112466, 186.9651631915154, 193.18325203446267, 198.1070520588655, 202.20678233350637, 205.5495835602265, 208.29459798395808, 210.5418688683672, 212.35361524996407, 213.8632243263574]
NGC6789: [38.49410154521345, 59.47303357358239, 69.90894118733637, 75.61500285456201]
NGC6946: [13.042606000390716, 22.209499582825583, 28.537173547619613, 32.31483198642908, 36.600309846593795, 40.31951197413816, 43.70607394880234, 46.67579306045839, 48.747011987767074, 51.35381639024986, 53.69833441917206, 55.93546545658241, 57.48637536927159, 59.4228779351788, 61.291592607634286, 63.006328090439816, 64.62774669453172, 65.79797917017677, 67.31422258822292, 68.71709672686748, 70.0885009240202, 71.05719325207696, 72.28651479443252, 73.49284711706122, 74.61642836756914, 75.72146367309445, 76.50584578240252, 77.50570678870979, 78.46612819587067, 79.41384371759587, 80.08840142452125, 80.95043525306926, 81.80271584093609, 82.60207921859158, 83.39335554015291, 83.95804029532607, 84.68141815383593, 85.39851106358797, 86.072764790379, 86.72446374314872, 87.20327053584231, 87.83409007634683, 88.42814544246045, 89.01844786738621, 89.44106522873778, 89.98407876704165, 90.52415714993526, 91.03356885604252, 91.52739245292679, 91.90394077999999, 92.37144241307004, 92.82496488279864, 93.27674195676941, 93.60086191162571, 94.01813801011606, 94.43406262829326, 94.82718562765757, 95.21919149659848]
NGC7331: [116.9524174284177, 127.93719031234068, 137.78204454216234, 146.88801574975105, 155.5410880085096, 163.663863877165, 171.19433296507526, 178.34360467749565, 191.78985515392958, 204.13438277508806, 215.57119083590922, 225.9525033399423, 236.07379125846674, 245.6949067113186, 254.70924053688293, 263.3412701914833, 271.4795965390085, 278.6108922054172, 286.0628972846378, 293.26575560183136, 300.11248707078164, 306.7521346927167, 313.082198833197, 318.6819023410445, 324.6372135870265, 330.33416041594916, 335.89079374071804, 341.2163633701964, 346.41978834944075, 350.95883945775046, 355.86045204941075, 360.57206686066525, 365.18823447560345, 369.6309060869651, 373.98858276292214, 377.84154717802284]
NGC7793: [28.92914007629813, 32.290056881521984, 35.209630786379755, 38.59726260980033, 40.84440846957123, 43.531784961692026, 45.931039365821306, 47.572801243032146, 49.58299459798604, 50.97337918212112, 52.690810936035064, 53.88771321364404, 55.37563741398442, 56.41844998539386, 57.721159919224135, 58.638165640295966, 59.50804525571621, 60.600462756373304, 64.5268156421527, 67.71839305711704, 70.07656495455566, 72.05772744066279, 73.55506744399491, 74.83179755350892, 75.8052270970147, 76.63790302761925, 77.2714347425745, 77.8090926441268, 78.21220336846189, 78.53007100930307, 78.78823561048458, 78.98696913145413, 79.11037447541793, 79.19337878276815, 79.2330937706899, 79.24042810446677, 79.21769029701873, 79.17126458727543, 79.0992476319675, 78.9033586405205, 78.50878302599831, 78.01863333148849, 77.48155221448553, 76.90923869692276, 76.30422866328044, 75.69939778685153]
NGC7814: [36.9987516608615, 60.15088196213088, 75.42561460623338, 87.87778807401638, 98.12876400574264, 106.78689756861996, 114.39285478419131, 121.05314822367984, 127.107031700545, 132.6447705246747, 137.40319953923802, 141.71344378788325, 146.05774295171577, 149.67806148532304, 153.05690576469385, 156.43728212436721, 159.3046017605562, 162.0006560385523]
UGC00128: [23.31414272343865, 36.345983422143746, 42.79083983439486, 46.653895667619665, 49.113449401229296, 50.74949680113811, 51.848219699825165, 52.588929072872446, 53.08921950943351, 53.38339644898649, 53.54322393745125, 53.60250196426722, 53.58583034366573, 53.51099534430171, 53.39139367869814, 53.23045698233349, 53.04869576510023, 52.84656633067736, 52.62970307684222, 52.400084721134455, 52.161531623609775, 51.91642144790159]
UGC00191: [29.358777580941723, 34.47449368034402, 38.77827849228147, 42.5231116210814, 45.85117107749662, 53.41689749417417, 72.31941493889296, 82.63752201394708, 89.67961861573589]
UGC00634: [131.16209868219258, 127.27540721470746, 120.67786138514018, 114.65538947827285]
UGC00731: [36.80562597714501, 49.38533122693386, 57.82830658946675, 63.880414460974954, 68.49550537498143, 72.08421093977455, 74.99364642834009, 77.37947680752794, 79.31306301749956, 80.89480086552985, 82.22443418544812, 83.33231704556198]
UGC00891: [80.03064264844981, 95.75975150171473, 102.19000170692429, 105.01562980338933, 106.06925187812817]
UGC01281: [10.116655621304641, 17.01834877573658, 21.70420108061012, 25.660224650743256, 28.784617903633972, 31.51972785585873, 34.11673080715401, 36.31552204301662, 38.328635401212956, 40.30496412283903, 42.02116701774697, 43.62293912154717, 45.22087455555395, 46.62703107617903, 47.95367251954381, 49.28979606367782, 50.475294194561556, 51.601573995031565, 52.17974565874385, 54.28590822790394, 56.66936272192788, 58.69846726183471, 60.67665136704139, 62.420314436839625, 63.927983629196866]
UGC02259: [50.20497684125371, 68.11772345416327, 80.11569191175829, 89.16142222576802, 96.23341311709436, 101.92397362904211, 106.59267247370624, 110.44199442555498]
UGC02487: [209.56030193459463, 210.6904925688762, 213.47739429392252, 251.4338374306945, 283.1665361590783, 309.08639428347004, 330.75877805579023, 349.28963563866455, 365.282092906303, 379.2533347973575, 391.57880407141585, 402.4786282004013, 412.18902750143957, 420.89420831558624, 428.69604740825196, 435.72502452616794, 442.08668871084603]
UGC02885: [55.5415330114326, 77.71689448911616, 107.35049129199739, 145.27697961203467, 167.28700361709568, 178.94868073619034, 188.93480991188994, 197.7826825128162, 205.30880640644386, 211.92352467391316, 217.80438755934546, 223.0457656445364, 227.85194601469385, 232.0456221110756, 235.8357728348736, 239.26100273377446, 242.35585239658812, 245.24115645554963, 247.79485037703745]
UGC02916: [21.50912466013296, 30.267539408730865, 36.88729339186609, 42.385241086012975, 47.0362296172485, 51.299857506224676, 55.36106417692159, 58.79551968833796, 60.681449438366144, 62.0666530210999, 65.11607417718473, 67.97493750351074, 70.66759571793638, 73.21353383864403, 75.62864631217886, 77.92611138512054, 80.117008126677, 82.15537982255006, 82.48670851819477, 84.16240787949873, 86.13819673523983, 87.9360949270547, 89.76149727262998, 91.472314272012, 93.12180325436864, 94.71381323557797, 96.25181352425628, 97.34186677103375, 97.73894506367202, 99.17806308553058, 100.7198265916378, 101.85051229192963, 103.30199419383744, 108.38009571503406, 109.3252024197034, 117.16979504125656, 124.27145082679715, 129.9543516977269, 134.88283553250938, 139.02844415809076, 142.55610043065408, 145.57707419549024, 148.10122285431166]
UGC02953: [12.637164218980665, 17.34202492976211, 21.410606588887592, 24.44733830021531, 27.447102299050812, 29.84695402443485, 32.3194433046492, 34.600930270930995, 36.49770237981183, 38.507692646195686, 40.40543857172505, 42.01049382878828, 43.54748739165856, 45.203962919310094, 46.79146364418273, 48.31687221565768, 49.625363526276765, 51.04857578509926, 52.27358118553887, 53.61004477721404, 54.76353992456033, 56.02509715385585, 57.250900745112055, 58.443264149005394, 59.47674672947919, 60.486757649878406, 61.596451874252054, 62.56043879491752, 63.621007233168434, 64.65750344491696, 65.67112017948085, 66.55379280231833, 67.41996590946671, 68.37551204453133, 69.20876946733895, 70.1287956787834, 71.03114367799772, 71.91652408989412, 72.68982178928097, 73.45067509578631, 80.29244664913188, 80.94160807938644, 81.66148490835597, 82.37063042744414, 84.88385471158368, 88.10919934645783, 88.59166105728329, 89.20477272146371, 89.80996830261668, 90.34142560521192, 90.93217278188817, 91.51552462278498, 93.03622710408844, 94.14480376063288, 94.68923582238659, 95.22728048154704, 95.75906952712758, 96.22662237630625, 96.68941997214188, 97.20448803078813, 97.71376056528055, 98.16167303250103, 98.66030299136715, 99.15345344154967, 99.96347240460084, 100.96876820464054, 101.38531490558276, 104.00049226535519, 104.43757020056009, 104.82239694992631, 105.25124510863934, 105.67583924949821, 105.95657275882226, 111.16802346827332, 115.85812917673734, 120.07014477684454, 123.7854714030677, 127.13768040676445, 130.19948414686755, 132.96018735900685, 135.47913831624845, 137.78382709211735, 139.89753879040194, 141.8556961078961, 143.64318953380237, 145.29174940696663, 146.81435040104097, 148.22238434926197, 149.5363533419517, 150.74350840978855, 151.86305688838584, 152.90208192571868, 153.78142317702006, 154.69111960622322, 155.5293104147745, 156.3084998884043, 157.0329577388012, 157.7065669466116, 158.33789665522798, 158.91976629180598, 159.46054338006536, 159.96294050380823, 160.4294501008683, 160.86583885793343, 161.26702281094325, 161.63869707979592, 161.9826665731936, 162.30060278411128, 162.5964024439205, 162.86662513346567, 163.1151526271106, 163.34322961715657, 163.74410819971357, 164.07434243913787, 164.34306914859235]
UGC03205: [36.63502531703716, 51.190599234498, 62.68974947198654, 80.6267823983115, 87.59407683226003, 117.11858792469273, 122.02704821567313, 126.52718793624962, 130.9786628157637, 135.23303327351178, 139.3090928669783, 143.08562959882482, 146.72344613484788, 150.36085419338832, 153.7476394018726, 157.1435450176591, 160.42901285585276, 163.61124579039787, 166.58809123947196, 169.58568614385285, 172.4973306519824, 173.31411943688602, 175.22804445928676, 180.66754869596167, 183.18919356810693, 185.64931923768987, 188.13855171862318, 190.5674821365483, 195.33661889104317, 213.34346516574564, 228.76070869991528, 229.33331306149736, 232.25301287685832, 233.89466859492995, 235.02582891790243, 236.66926233031347, 238.23051921414685, 239.30677053345718, 240.87112801851396, 241.3696728034274, 252.77447099751623, 262.3993857962808, 271.22110076784276, 279.0429781390334, 285.774323102389, 292.0434009632217, 302.5621877609573, 309.3331157304565]
UGC03546: [49.849492747601886, 55.785620638247025, 61.13487547712147, 66.04006241306674, 70.59384751576988, 74.86042127731868, 78.88643232778493, 86.12669898609148, 89.62204432928505, 92.9775728547913, 96.20794201312948, 103.99442031763661, 105.26139592193154, 108.09641515887616, 126.43951441087103, 145.19773962315, 161.56067732487642, 176.00202696911552, 188.97675562489803, 201.11248786827153, 212.00837226498115, 222.15860270634883, 232.33767533066262, 241.24611175966606, 249.60289276996906, 257.58314787149027, 265.70659087762533, 276.1071027910827, 286.3111696383631, 304.8888917335991]
UGC03580: [17.883578571329146, 25.797556042282604, 31.296850646895972, 36.316435673341005, 40.33798836763888, 44.27626233297978, 47.57182404734969, 50.89495249928026, 53.73578982782637, 56.411082278538856, 59.16741096987679, 61.5644877024864, 64.0552304521362, 66.43073809533205, 68.33116938580699, 70.52560624601243, 72.4617277006354, 74.49856615808872, 76.46314115457547, 78.2053483240676, 79.89539206235015, 81.68355697508385, 83.27506361811936, 84.96253937730977, 86.46734954244508, 88.06574414391918, 89.49346238653243, 90.8871989316388, 105.45618544968664, 107.09546986611727, 118.61489207133957, 129.2196392313325, 135.5689620287754, 136.2474990916097, 136.91710844987034, 138.06799623770507, 138.17624309410834, 145.5876229135209, 152.22391861023684, 157.87225964844234, 162.8219498548518, 167.18742642649553, 171.0580361873449, 174.50497269615792, 177.37276193440675, 182.65925440312833, 186.9474555690504]
UGC04278: [17.580070591868193, 30.074672497350385, 38.097617631972874, 44.63263279111984, 50.072470795401564, 54.6013143449673, 58.742440446052186, 62.313885465890216, 65.66218719315668, 68.70883710452041, 71.49964765712936, 74.07006443772, 76.3663291213839, 78.58073945835778, 80.57261752260028, 82.50491487054349, 84.3147310720746, 86.01359686743427, 87.61146948804554, 89.06474982760403, 90.48848260960852, 91.36203476602213, 93.6321189793335, 94.27155731214181, 95.01535527738885]
UGC04325: [42.72688533445014, 58.40604083346027, 69.11292500091754, 77.40540793996824, 84.02556045660813, 89.46177404615075, 94.01130395397601, 97.87134576148857]
UGC04483: [19.146881058383148, 31.7880666516044, 39.42748896519807, 45.207547436798166, 49.35096456689212, 52.65177390431073, 55.34178481784144, 57.56929522918931]
UGC04499: [34.87789366165338, 47.87947247976838, 56.98794697619574, 63.94939793843846, 69.70150972147049, 74.37650026974103, 78.42217134783117, 81.85262832821506, 84.79573912039103]
UGC05005: [47.180634211087806, 78.19417149335293, 96.9346297218924, 110.22806813119035, 120.43547854098892, 128.46061021011286, 135.00325153724762, 154.4667411011717, 158.74742171840947, 160.54877498940252, 165.06453230850448]
UGC05253: [17.66852298676176, 24.494732340177993, 30.189657293890086, 34.963525887343586, 38.848539101274206, 42.65550381044401, 46.14527136687524, 49.14364088225863, 52.19430287484238, 55.07273294216722, 57.59924182316515, 60.213707060404325, 62.71621013123864, 64.93804707836469, 67.25952037133831, 69.50073824468627, 71.66923448787293, 73.61194285202801, 75.657847467156, 77.64741090177728, 79.43759040335986, 81.3302519673081, 83.17757833783806, 84.84512956097309, 86.61332233263742, 88.34399516259738, 89.91011500584622, 91.57454854612511, 93.20724819657943, 94.68761228063845, 96.26378188774481, 97.81264347955026, 99.21923292051737, 100.71909260859331, 102.19511975143891, 103.53733739448953, 104.97034018548847, 106.38229907551232, 107.66768625476881, 108.1983277085775, 109.04146168589789, 110.39647148957067, 112.9519996755129, 114.25593650100015, 115.44508894679906, 116.71815753606593, 122.77161415319252, 123.86974684365263, 124.50527862900175, 125.04711518750285, 126.21206732943367, 127.27668428804675, 128.41870924877463, 129.54927687329555, 138.61562744397747, 151.36977846106993, 162.48896246727722, 173.5380173092439, 183.13686313102968, 192.12280633338705, 201.0839161645929, 209.0537329901024, 216.61827966817984, 224.2515747637499, 238.10420644868873, 250.37497925719623, 262.1457727063377, 273.05119543671253, 282.9412223181094, 292.5066162474905, 301.5302524383828, 309.74693403909214, 317.8117726233256]
UGC05414: [31.727332291817035, 43.91769888993509, 52.45273791397065, 59.23259777456608, 64.70678629659274, 69.38406547879474]
UGC05716: [55.70532882892462, 75.31442747685615, 88.08347146062643, 97.64046033897931, 104.92020385508184, 110.74256252112127, 115.40036415325342, 119.2195670247438, 122.3552887668522, 125.07088656756825, 127.33892865173048, 129.09210849644955]
UGC05721: [15.089523919604904, 25.836733878982027, 32.979278208613756, 38.588647300487885, 43.27718946041258, 47.32951047087177, 50.906553120402236, 54.110358581341586, 57.010713127535645, 59.657992749506235, 62.09006466588286, 64.3363033488708, 66.42007525206733, 70.75088256724142, 74.96494659775395, 78.42583099192802, 81.24977673647379, 83.85382280550274, 86.10792945382472, 88.15958136828284, 90.10607483967125, 91.63204521239057, 93.1380777028781]
UGC05750: [23.800918319871634, 48.798143791780575, 60.74061454409186, 67.44410237740104, 72.17199450505765, 76.0093408553514, 83.0023836859539, 86.56257232188254, 89.92361004347552, 93.00022550110957, 99.00985771609481]
UGC05764: [26.13287006428226, 36.73286520506066, 44.3313984612081, 50.509979182887356, 55.75895001262809, 60.33529621711908, 64.50106751399234, 68.13615155080458, 71.43188485598336, 74.44166201155153]
UGC05829: [37.567365040904285, 51.391339720690425, 60.83990302103656, 68.29006950067149, 74.06396999807717, 78.89972799940706, 82.95464299319598, 86.40164752759179, 89.31871448181664, 91.92620641175539, 94.12750962777531]
UGC05918: [22.744802711032698, 31.13804989577436, 37.15939511384488, 41.81889560955641, 45.59635813994865, 48.69316699195824, 51.374197131407065, 53.68112620661483]
UGC05986: [25.273500034756964, 35.3472376012875, 42.71412436455483, 48.82542252601177, 53.95586960416221, 58.588872823507266, 62.5838398832075, 66.24572319169961, 69.57716726462489, 72.63027079133836, 75.40182417029169, 78.05200803931815, 80.4397916261121, 82.70548660851371, 84.79371793763787]
UGC06399: [45.346168341622395, 62.000194735745545, 73.52271982926305, 82.49067496773708, 89.48177295077558, 95.23086658972436, 100.04790802471184, 104.13907021703669, 107.6496215545522]
UGC06446: [33.46825552412743, 45.4641937801302, 53.59751701048333, 59.7760851388751, 64.5339180083543, 68.37739685713117, 71.54228680525156, 74.18464927091057, 76.41376966555538, 78.30936022262007, 79.95724417672186, 81.34835763023744, 82.66357857284429, 83.81754117431245, 84.74395188210427, 85.54051802715742, 86.30658699014332]
UGC06614: [74.59853440109778, 122.04224959566615, 130.4488135031767, 135.46627981743143, 140.21649142300254, 145.24113263176017, 154.89707566659808, 186.79982777327032, 190.66753213704916, 211.75250658645516, 215.66495942348712, 234.35314871887974, 256.43825956829176]
UGC06667: [46.89906006003652, 64.02814378203946, 75.82461869604545, 84.96529160523858, 92.06086981454254, 97.87228741106826, 102.72234117315188, 106.82556453160498, 110.3329356068151]
UGC06786: [28.435493577692956, 40.10564309777476, 49.486853172217515, 56.84431801492643, 79.52930084381619, 84.06044478789762, 88.31543650281667, 129.42077043653572, 131.99526570383932, 134.3487005043626, 136.7795659130953, 137.34154430344867, 139.0054809791344, 141.17449817654477, 143.41991977912403, 145.35300775479922, 147.36752957487437, 149.33526100285908, 151.37701246566562, 153.25459004759094, 155.20471670539635, 156.99970470939434, 158.75706677857653, 160.3717059916498, 163.81738639235394, 165.43781756891323, 167.12532975103983, 169.92625285169274, 170.2105967949549, 182.39091409448054, 198.04881446386054, 206.32169146333004, 206.96389844829585, 208.28744792134543, 210.80417458851298, 221.64058104323567, 230.83258214362192, 238.711946574878, 245.19611678171432, 251.1614855186404, 256.376967036962, 260.956645825597, 264.99224636158056, 268.55856060558153, 271.5508268798697]
UGC06787: [13.494637419389035, 19.059906190655855, 22.990099218891324, 26.607382832147984, 29.77327503104546, 32.61956132543714, 35.22388767456802, 37.44192771496403, 39.70985834845238, 41.84451044649589, 43.86541005751404, 45.78768256813634, 47.47341882968757, 49.382071170378715, 52.56610706771766, 54.14165259858889, 55.66507146676353, 57.01935759613036, 66.4872269694797, 73.00096243777098, 73.97040628688634, 76.0280739474707, 76.94622750827686, 77.93090895572722, 78.89858461280254, 79.84990113822545, 80.70808829788726, 84.01689549748644, 85.95651122149596, 86.86760601227945, 87.62746577934449, 88.44518227391798, 89.25152498883207, 90.04682247803989, 91.15519338109617, 93.06112936857306, 95.20879884300159, 95.98681985949186, 96.63715363132471, 97.33845537204682, 97.39651928791122, 98.03144575647244, 98.71631903277739, 99.33714849302355, 103.14040477035255, 106.80934836423134, 107.35000233157746, 108.36833291919659, 113.07330081417565, 117.58294746755082, 121.60454923731106, 125.31645691892493, 128.8223439099015, 132.0783174149135, 135.49257292052806, 138.3594233281194, 141.09368422326472, 143.65504210728045, 146.08264212171235, 148.4089447467146, 150.85032426548193, 152.92055196099895, 154.89268011297094, 156.7913936553902, 158.58540069829982, 160.3156936088861, 162.83039935535942, 165.19372454580156, 167.40372695611057, 169.32078572274295, 173.10125363385194]
UGC06818: [41.373737197298276, 56.604087632572444, 67.16204067475093, 75.39450435308308, 81.82366020830939, 87.11962913207373, 91.56435941013109, 95.34545723482157]
UGC06917: [82.22239810803079, 91.23713226482401, 96.63875910251377, 99.86645225054492, 101.86772018111985, 103.07861584504786, 103.75880882697341, 104.07192236437963, 104.12554249218022, 103.99041275158464, 103.72106821870294]
UGC06923: [42.03318850804996, 58.337472197609564, 68.52425393333041, 75.67179172267657, 80.82949747162608, 84.86524035975145]
UGC06930: [41.810163971915934, 57.66888201753201, 68.71428820906218, 77.30097428024936, 84.28787539502672, 90.16115651485931, 95.07966179888543, 99.40062049257376, 103.14452580162381, 104.95428735837915]
UGC06983: [66.68877735078074, 78.69516531194924, 87.89049101424109, 94.9490151763197, 100.66855338132083, 105.39226832929864, 109.34759841936521, 112.69402841970756, 115.54805116495194, 118.02351344879347, 120.13246574625258, 121.97793223147653, 123.50992394206338, 124.98256416339132, 126.11284361682912, 127.2187425505986, 128.0779940550822]
UGC07089: [48.10017829057125, 65.86219588801964, 78.20747113323317, 87.85775527137017, 95.41233361478427, 101.64969216122084, 106.89624822124966, 109.24437896155199, 111.36928528634725, 115.22206576014595, 118.56731748568417, 120.09395645093551]
UGC07125: [73.50783159858248, 89.10480587794052, 96.05240113112247, 99.36006530133051, 100.91554640532989, 101.48613092143964, 101.47930662507238, 101.13788262288911, 100.52686896431362, 99.82258759520703, 99.03771203552283, 98.20494488624482, 97.34619765489903]
UGC07151: [30.518623491439527, 42.29114031157597, 50.781263067576305, 57.51845808983263, 63.00878888025454, 67.88159183613757, 71.94503867869875, 75.6643457785126, 78.83725222876473, 81.84734284228351, 84.39862096864752]
UGC07232: [21.129977029965964, 28.997841873028033, 35.007834178858516, 39.57637470225984]
UGC07261: [27.491298380851802, 38.34001013083785, 46.39295716645422, 52.83205706968733, 58.27866752906976, 63.05474528065427, 67.22852655401786]
UGC07323: [22.511599729627342, 31.733364245707648, 38.52663100517224, 44.13370910843626, 48.96890649732372, 53.31712840973856, 57.0984685006924, 60.60722903651563, 63.83341393766671, 66.87056701144203]
UGC07399: [39.576889819349034, 51.59646156714984, 58.81790682353589, 63.49311564411555, 66.78686629290868, 69.0972208165648, 70.7980118438625, 72.01676445180321, 72.90428584532661, 73.5425493374785]
UGC07524: [27.16256311673014, 37.71655917730431, 45.579489253804205, 52.17557002104376, 57.633583050642436, 62.54801268599855, 66.79633462235165, 70.7371383194825, 74.2188027443836, 77.50252391810224, 80.44210922666754, 83.24433614951026, 85.77526388031144, 88.13889461324834, 90.41568788955182, 92.49062430455331, 94.49912756614891, 96.33750180077315, 98.12388733946793, 99.76462665728387, 101.4083769897565, 102.83704290001819, 104.31670359928768, 105.60579195688042, 106.94378429363216, 108.146341716129, 109.26041532785864, 110.41982328563316, 111.43442381017316, 112.49186945022652, 113.44598619306058]
UGC07559: [28.98796746908917, 38.997243648498774, 45.578495968619066, 50.4784082973743, 54.01680884457909, 56.95953972677406, 59.24845520973541]
UGC07577: [9.398936658118052, 13.142954596517566, 15.918883286246658, 18.071763255120757, 20.014585231183574, 21.71214613546625, 23.221882381773124, 24.58158999581919, 25.755477929484318]
UGC07603: [27.039711676071256, 37.13117821726407, 44.20786229174178, 49.81828465452049, 54.21635954613754, 57.87666304408237, 60.97942176437668, 63.717493917174004, 66.02106560264589, 68.03639078452676, 69.81079404715722, 71.42466746730547]
UGC07690: [30.64487759082359, 42.36327025556049, 50.75162791486284, 57.360680522031366, 62.809852362626934, 67.42567104317827, 71.40689303953116]
UGC07866: [21.82305473337745, 30.19471357644519, 36.363015644676224, 41.07990063981678, 45.090974691575134, 48.39185650943086, 51.16729233293483]
UGC08286: [63.09059539754789, 76.25619315547962, 81.77869211272606, 84.39275479305229, 85.49499325001966, 85.81381675031862, 85.68510512012429, 85.27213279065877, 84.69987101669776, 84.01216320110198, 83.27935474795423, 82.5143960389635, 81.71802404592401, 80.93516849014941, 80.14056878867243, 79.37253563217709, 78.61779683883435]
UGC08490: [29.808622885651225, 41.463622227841086, 49.966920340503265, 56.790258611565854, 62.3607174232787, 67.31599977141984, 71.66060355918424, 75.4113502686235, 78.97814620939351, 82.01583002010217, 84.86440468461201, 87.46635868786063, 89.78578561927273, 92.05057454648738, 94.07995108665595, 95.90599035274495, 97.65430401044748, 99.28060146821042, 100.75318549890994, 102.21128036295596, 103.53431353304944, 104.73777531507596, 105.90126974577264, 106.99322238408735, 108.01909216175879, 108.98378350911818, 109.86578622329324, 110.7224634934819, 111.43736336676425, 112.29144704912645]
UGC08550: [36.59226328545168, 49.999676327766295, 59.77494283072175, 67.00773167107809, 72.98501330454525, 77.85518778306322, 82.06788977217072, 85.61110004832196, 88.80827005758084, 91.540413379373, 93.89581756040134]
UGC08699: [23.944829964574947, 33.33095028970607, 40.794850565453544, 46.98460951112488, 52.1260874414269, 57.14287149801902, 61.293989516539895, 65.11774252719488, 68.99587075407848, 72.29807416580731, 75.54797708041566, 78.47529693003807, 81.50869862761994, 84.1376773923743, 110.94138456108296, 112.48613117570636, 114.05687102118509, 115.58138468640492, 117.06196001018604, 118.43618986147482, 119.77401158171341, 121.19934238756437, 122.46589014928772, 123.75862147243906, 124.96134918862457, 126.24505096778338, 127.38769097591083, 128.50332498895867, 129.69540077953394, 132.7627706975563, 133.94294419142528, 134.9105683283321, 135.90186254177826, 141.13432128387714, 148.0747181375111, 153.6028579241816, 158.58235697384097, 162.87049894155734, 166.5667686463707, 169.76954640959596, 173.66806733274092]
UGC08837: [80.65585432910552, 93.21330467348682, 97.14327985730124, 98.16655532125743, 97.91175562572754, 97.07306391688337, 95.93259599236576, 94.68455838059892]
UGC09037: [110.45603584974785, 126.81949998183661, 137.87920129917478, 145.87587970756712, 151.73342584957726, 156.17630578898215, 159.55074953007735, 162.1447972808253, 164.1195164478626, 165.60283971443462, 166.64980470627842, 167.48474414849906, 168.06815049366986, 168.45590767794124, 168.67901223741953, 168.7666695073311, 168.742345110274, 168.62634576902545, 168.44875923795328, 168.19426189520527, 167.8876482569276, 167.53278863393192]
UGC09133: [50.02637101198949, 70.07195036810712, 85.89409754951406, 98.75072942462748, 110.38622177785969, 120.52421554559551, 130.09916086835466, 138.68811465779788, 146.97271481661292, 154.52435276009507, 161.90063627883663, 168.90690136339177, 175.3836212357791, 181.78403854025765, 187.73615006485292, 193.6484551708776, 199.17133903919867, 204.6789098459283, 209.84169370897604, 215.00619101624227, 219.8609178412424, 224.72950406193453, 233.92628298445015, 238.4163128397586, 242.65839200872358, 244.1392878653296, 246.93229548946525, 250.9762202000793, 255.0561308064274, 262.8259263455892, 266.64740688870984, 277.42748420783533, 280.9560654008804, 284.31048204482283, 303.626599796628, 306.59380369731383, 309.60724084934554, 330.8385263971519, 352.30729590148115, 372.140629475884, 389.2985292622785, 404.94110270619996, 419.72963268486393, 432.7622375300302, 444.78019473346365, 456.33159013221496, 466.6587337880522, 476.2332258062569, 485.51139312176844, 493.8366600890877, 501.66060841761646, 509.25687488340276, 516.1078722414102, 522.5754958756795, 528.6440946506804, 534.5897933212349, 539.9780776599468, 545.0868400547467, 550.0877531820278, 554.6318206528529, 558.9350757517096, 563.1727365133106, 567.0448695563391, 570.7047300406523, 574.3149391050873, 577.6188771365299, 583.8346886534317, 592.2775152598358]
UGC09992: [28.356406705442488, 39.3505975618331, 47.593431819939084, 54.12506074408307, 59.551816100496545]
UGC10310: [50.461666604606194, 67.86933884206441, 79.12337839528361, 87.3249032882359, 93.48848020890637, 98.38601942791112, 102.21417337584703]
UGC11455: [54.87235861189248, 76.78567164320282, 93.06661189281718, 107.39891089454426, 119.17119844121672, 129.45914539340336, 139.35074506518473, 147.6763937437263, 155.74941688231317, 163.46945687000016, 170.32999789236396, 176.6649776597785, 182.8308392743908, 188.65207153383264, 194.07724069637217, 199.31343789383283, 203.9804453156486, 208.74262837194334, 213.28911504158108, 216.94816302937903, 221.79947972459186, 232.0736392058326, 243.54297673547828, 249.28467634708952, 252.72466879428188, 260.5428430767615, 270.0896076097809, 278.2008577124979, 285.1802364537925, 291.22528022133804, 296.9987235655487, 302.2391987329949, 306.8399188158826, 311.2671823647687, 315.33083581925206, 318.88521995763074]
UGC11557: [28.45121496326896, 48.38783828242547, 63.193523632128965, 72.8292064137719, 81.9861491854684, 88.59775913666363, 95.25017476856327, 100.23959703302862, 104.6972094575209, 111.17148538095418, 119.62875414750502, 126.36418191619904]
UGC11820: [104.01959317897915, 120.14243079033292, 128.3343628904761, 133.3246954497117, 136.6109467771467, 121.9289573347632, 111.72984392998528, 104.08433764829198, 98.01314233079658, 92.9498676354941]
UGC11914: [22.68848935627899, 26.063651837880965, 29.35344140199892, 32.019350460771136, 34.473379400463216, 37.00278688480656, 39.13386010357999, 41.14944944610699, 43.27317018788453, 45.09404394628566, 46.83960189460758, 48.51798869321234, 50.48790159102347, 52.03967599490226, 53.542540039152364, 55.000516178206006, 56.57207630865748, 57.94623064306582, 59.285017803067184, 60.590793756015024, 62.14495947257734, 63.384586742130736, 64.59724000907988, 65.7844214359173, 66.17472775227704, 67.07529399262351, 68.21303979670152, 69.32918490392517, 70.42476594832021, 72.67433312645933, 75.95692214104751, 80.83886706628805, 81.75261583233801, 83.64124292476944, 84.32381416157395, 84.61423733724365, 86.33107179383056, 87.17351789452375, 88.09758513000963, 88.91878155819617, 91.50071275699463, 91.849479431799, 92.28302147060776, 93.05674817385004, 93.82211165219744, 94.66296120810706, 95.41134601727585, 96.15199082879762, 96.88507930519022, 97.690973926482, 98.48798917223377, 99.19789469903235, 99.90094322412224, 100.59728431646985, 101.36330496284535, 101.89480022759444, 102.04595274560319, 102.7223245615046, 103.39254913170518, 106.1573801873829, 106.86820742399202, 107.5022195059994, 110.59429081541803, 118.45289657765355, 125.57792333556542]
UGC12506: [79.30889318420869, 133.95131853588242, 168.77192123606685, 195.04414800877922, 216.16815377645054, 233.74980745034355, 248.62407809090334, 261.5594366876768, 272.86289750639304, 282.8279645306771, 291.6752566443408, 299.57551322698725, 306.6639600254036, 313.049723158907, 318.82224396115765, 324.05579351374365, 328.81273701304974, 333.12071662189516, 337.0775887069552, 340.69465465238096, 344.0057050117049, 347.0402100992504, 349.8240095380658, 352.3798691762802, 354.72793517598365, 356.8861074539404, 358.8703492033004, 360.6949452700423, 362.36290996654674, 363.9061999001356, 365.3245772243667]
UGC12632: [36.38808624869201, 50.06482734789801, 59.83110484116097, 67.30379833058001, 73.3076618631235, 78.40646397343907, 82.74886167479653, 86.54575292896692, 89.80706086789074, 92.67334486506445, 95.20860865097366, 97.4329053153232, 99.50294967785668, 101.28078106899636, 102.90345598093198]
UGC12732: [52.34231196098516, 70.62442272731255, 82.75869677300321, 91.65959095822014, 98.51213464478806, 103.9437362009725, 108.33414485961084, 111.93282262714891, 114.91300009905112, 117.39991655086861, 119.56633366150076, 121.21169355474937, 122.7591481495409, 123.93887040437643, 125.04976531000356, 125.98156237796819]
UGCA442: [19.732077790682826, 32.53124951214918, 40.17383647657438, 45.53503884339133, 49.47659783994153, 52.663401289570665, 55.11988052463002, 57.16561193163365]
UGCA444: [161.67439602001875, 169.86306608876342, 171.65234422046578, 170.9310891493236, 169.11679830436063, 166.81890343459165, 163.96381139505684, 161.4216714846325, 158.91221172977984, 156.4706776947517, 154.114363836408, 151.85058152651982, 149.68102177438504, 147.60422087839316, 145.61698706443102, 143.45028074302184, 141.64074504825652, 139.90700038694476, 138.24456912230204, 136.42646880479933, 134.9026771875106, 133.4374878469383, 132.0273686810039, 130.86002936534226, 129.35943311274391, 128.09573722140038, 126.87532391254744, 125.69576239156495, 124.55479869381908, 123.29542721503508, 122.23032275639466, 121.19773192922351, 120.19599368138782, 119.08694928037701, 118.14624923568104, 117.23188263147428]
